Gene	logFC	AveExpr	t	P.Value	adj.P.Val	B	rawp	BH
AT1G01590	-4.11870299588854	-2.52899477313876	-8.2786067832732	1.30558588758219e-05	0.000372637771137142	3.1115185798819	0.00155394685337384	0.0435729986462435
AT1G02405	-3.02055502209203	-3.62397070786059	-5.81443499742566	0.000217609176755067	0.00233733602174939	0.825019891371171	0.000796478140182355	0.0397964638909443
AT1G04180	-2.12603072973608	1.13424799992544	-8.1058858960429	1.55614380528723e-05	0.000420666371460667	3.58027869839624	0.0027569197767785	0.0489528460791559
AT1G05540	-2.74487614441562	0.429442740853431	-8.21065482351483	1.39846756137464e-05	0.000390892335878746	3.64186742240219	0.00198810823825335	0.0466712490619673
AT1G06080	-3.03004053511971	4.17326730940614	-19.0182176550397	8.3083596533401e-09	4.65512101472363e-06	10.9920201229965	0.000284240268350278	0.0344675491483895
AT1G06160	-4.14460985918646	0.696095742628362	-12.9564277582179	2.68586863903206e-07	3.27973028557934e-05	6.97993556368483	0.00033979846465737	0.0370044186859767
AT1G07050	-6.10571896043576	0.00136994133626089	-14.6017475001902	9.1888044297923e-08	1.79032381785983e-05	7.19803847150238	9.91014828435333e-05	0.0344675491483895
AT1G07550	-4.45144245649209	-2.90445219476233	-8.56470915270327	9.82224249157592e-06	0.000309476553557406	3.24089444533996	0.000587328979205992	0.0379367349731012
AT1G08860	-2.2337075576986	-2.17282637664384	-4.94625545382858	0.000704227822835718	0.00525372267492891	-0.0734800172931926	0.00192205330695661	0.0462370813453796
AT1G09180	-2.57282547186899	0.377461711341484	-7.38105557377513	3.35928224548502e-05	0.000695967638317921	2.82400341616016	0.001744589014955	0.0449472026212343
AT1G09240	-6.38469815272681	0.161677565681253	-14.379958248587	1.05477154269552e-07	1.86328908922306e-05	7.14514772740019	0.00169640013801065	0.0446387396792513
AT1G09623	-3.93578853543359	-3.16271172219398	-8.02829868750811	1.68542637212374e-05	0.000442620693840782	2.81520701515306	0.000186169092464938	0.0344675491483895
AT1G09930	-3.50075859614437	-3.39014326336421	-6.26812956567854	0.000122748361801774	0.00157303499583078	1.30313341902031	0.00215535006663492	0.0468903662279902
AT1G10340	-3.21688098171995	0.07618180278024	-9.1651630129902	5.53578946751762e-06	0.000220582480165837	4.41548345927435	0.00231853590284858	0.0474780250028453
AT1G10370	-2.87572389815824	3.72581123447282	-19.5602910946315	6.42142484696367e-09	4.25387288987108e-06	11.1992106584543	0.000286516218435784	0.0344675491483895
AT1G10640	-2.21834137198085	2.72519753455079	-12.6612076186148	3.29850752032055e-07	3.59686634870181e-05	7.36439096739453	0.00118558961193793	0.0412091000815381
AT1G10657	-2.78501849520553	1.31494202427088	-10.814914723573	1.32590672414135e-06	8.56923814056036e-05	5.91495604597146	0.00050752108164076	0.0379367349731012
AT1G11210	-2.36819782328865	3.40655213023949	-18.2508074516121	1.21121927536725e-08	5.94481342428979e-06	10.5889527177357	2.43233420937905e-05	0.0344675491483895
AT1G12100	-2.61146250300369	-1.81480001228577	-5.93637178304162	0.000186071796579935	0.00209097984129564	1.1250942815167	0.00257692967505374	0.0481753000043669
AT1G12610	-3.76439459361811	-3.25471970190205	-6.65741926172498	7.67059125358384e-05	0.00114730781857356	1.6840268614714	0.00208257079066909	0.0468210529869349
AT1G12845	-2.23400304506451	2.69172122513633	-9.02458650399399	6.31352359080058e-06	0.000235960152481007	4.38778108554807	0.00207232283608372	0.0467339663919543
AT1G14250	-4.31730634897223	3.28555145329592	-17.0892077965832	2.20747588008941e-08	8.35624226722987e-06	9.87905461062555	0.000135373915514103	0.0344675491483895
AT1G15125	-4.49073024456276	4.60246413114786	-17.5857040080627	1.70014589051934e-08	7.15086758840976e-06	10.2846734518072	0.00170724037355519	0.0447478832083236
AT1G16410	-3.74666799973436	4.74705826179713	-16.0590968773587	3.88549661793539e-08	1.14889551300592e-05	9.48284883147922	0.00175969080440508	0.0449472026212343
AT1G17380	-4.62389836525173	2.02278015475697	-16.8849092676817	2.46301779859598e-08	8.94041720920496e-06	9.28245045169901	0.000183936888915603	0.0344675491483895
AT1G17420	-3.50153700772518	2.77877426993351	-12.1976969718982	4.59476017370328e-07	4.41130272039093e-05	7.0304360430235	0.00082371405896331	0.0397964638909443
AT1G18300	-2.28327754566368	3.48052770706813	-15.0362335655514	7.05201917680262e-08	1.55691652984422e-05	8.89275967252249	0.00047315817786231	0.0375178889853551
AT1G18400	-3.57531720312003	1.11911264934138	-9.98961778357143	2.64354471618433e-06	0.000137350289979319	5.21890520944664	0.000896705079411309	0.0398736389197143
AT1G18710	-3.01241010541171	4.14787523056977	-16.758255464985	2.63774234300935e-08	9.07725929935868e-06	9.86793333674813	0.00134169386324823	0.0420238817829214
AT1G19320	-4.70701900150904	-2.78153270725601	-9.83284240697859	3.03024984941469e-06	0.000151275732358896	4.05074769052972	0.000143677951402355	0.0344675491483895
AT1G19670	-4.76714990902143	4.67596366004214	-25.5497829005618	5.47350656303489e-10	2.07195681296141e-06	13.379473440635	0.000382119841519479	0.0370044186859767
AT1G20510	-2.06812540539563	4.77765559766712	-14.4150388724485	1.03187619668612e-07	1.85848913787705e-05	8.45280795483347	0.00138016466440449	0.0421599569183344
AT1G20860	-2.08501239972468	-4.09186319487019	-3.85189479312162	0.00360757315178128	0.016685891669733	-1.55158122345741	0.00223243763350256	0.0470605667562059
AT1G21250	-2.76578451599948	2.72147629765108	-9.02492835831455	6.31149284821272e-06	0.000235960152481007	4.40424619838858	0.00177470066207741	0.0449606913969364
AT1G24020	-2.77425965187603	4.62907311903123	-23.7265814961248	1.08533553745402e-09	2.28359527710611e-06	12.9609588502046	8.37843259235971e-05	0.0344675491483895
AT1G24070	-3.45264712363755	2.37088940844723	-16.0515073560855	3.90220379540089e-08	1.14889551300592e-05	9.23847300961784	0.000257506449439893	0.0344675491483895
AT1G26770	-2.45656382399135	3.14756626590539	-11.7048066337486	6.6189173874115e-07	5.46185577548553e-05	6.65842415758996	0.00177766221814402	0.0449606913969364
AT1G26945	-2.17826599520323	3.49151184125306	-15.5591531480589	5.17595085423324e-08	1.32286213910518e-05	9.19864158137551	0.000130346088374589	0.0344675491483895
AT1G27730	-2.22938026456736	3.53813701671698	-16.1088559007366	3.77789489674055e-08	1.13757567015717e-05	9.50866327617299	0.000435226212486928	0.0370044186859767
AT1G27990	-3.77722109810648	-3.23728821835586	-7.38107972543497	3.35919300945513e-05	0.000695967638317921	2.3080533453419	0.000531582807319353	0.0379367349731012
AT1G28010	-2.12048200649184	2.11469737734984	-11.7682286829468	6.31045705478325e-07	5.28721762587105e-05	6.7133248388836	5.66686101066693e-05	0.0344675491483895
AT1G29020	-4.46944717997116	-2.89191780406413	-8.91350722585725	7.01290837417343e-06	0.000250442110645347	3.47265939268903	0.000350411323316369	0.0370044186859767
AT1G29395	-3.11425175233128	5.49478844535818	-17.8265038562994	1.50165130706989e-08	6.86047523012725e-06	10.4242639397345	0.000840064342848112	0.0397964638909443
AT1G30135	-5.70864310366684	-1.7534713576047	-9.16140866157253	5.55513984284403e-06	0.00022102116449802	3.87940380526955	0.00149654189602444	0.0429993550867577
AT1G31550	-3.26888155173764	3.36900604354053	-21.6840322133629	2.48981559460105e-09	2.63900534502954e-06	11.9338636978295	6.14594853265427e-05	0.0344675491483895
AT1G31580	-3.43536618184643	6.11101095505344	-13.867103361149	1.4621400025533e-07	2.23952519003799e-05	8.08671870316476	0.00225640013203821	0.0471503476693495
AT1G32540	-2.98956103879665	3.29438961882078	-11.7590327205202	6.35418562427953e-07	5.28721762587105e-05	6.70264032597351	0.00101635267076139	0.0407555695209585
AT1G33930	-2.04554512766126	-0.426532083218034	-6.12539314564923	0.000146547297904906	0.00177315538807497	1.41574589735649	0.00145666820903001	0.0427498475219547
AT1G35210	-2.64469901766983	-0.584589686271105	-6.7674260075002	6.73909023833366e-05	0.00105967208188926	2.12766856756274	0.00266337793039861	0.0485713615964917
AT1G35710	-3.93198785936311	1.99758658243695	-7.74416183319768	2.26921381379423e-05	0.000535118770960107	3.19927702269043	0.00239708209408951	0.0476957031875388
AT1G43160	-3.30731301191323	-0.164802000940575	-7.64585352485803	2.52001235054842e-05	0.000570783455828126	3.04620633449444	0.00191498609186236	0.0461813231787855
AT1G44350	-2.34653228806168	5.2468630071564	-16.0309251065959	3.94791272220935e-08	1.14958012431982e-05	9.43318442844407	0.00106675391036504	0.0407679727881887
AT1G45010	-2.89807138271978	0.801545500042564	-7.70058210073216	2.3768592720761e-05	0.000552473833258531	3.16471303180067	0.00257294474114489	0.0481753000043669
AT1G47485	-3.86044442849555	-2.64847110992504	-7.19378646592583	4.13564377960625e-05	0.000794103542550772	2.23113590782728	0.00276128382591834	0.0489528460791559
AT1G49750	-2.05177855184532	5.38489386619932	-19.1249282316867	7.89317157863968e-09	4.62211413648846e-06	11.0660586199268	0.000201091935629005	0.0344675491483895
AT1G49860	-2.51896522593839	1.87521686808982	-10.2488657525101	2.11759856748739e-06	0.00011767067945962	5.52862299038032	0.00123576012434912	0.0413630560178038
AT1G51820	-3.12908818208906	-0.562109931646773	-7.72621442476341	2.31288671625947e-05	0.000542361700950827	3.08280102429027	0.00178451578752292	0.0450343803216975
AT1G51830	-2.19485618781773	3.14792131909082	-13.1387854030019	2.37071286254872e-07	3.07937007018706e-05	7.68940967405338	0.00096315008367398	0.0405103982812589
AT1G52000	-2.47886307070752	7.06771537910906	-21.0474313468479	3.2755634771137e-09	2.89158653585683e-06	11.9379970324213	0.00014584599995926	0.0344675491483895
AT1G52040	-2.17035580459166	5.64439442944728	-20.0534016342439	5.109750997074e-09	3.76106060890186e-06	11.5014058217998	0.00019667568323789	0.0344675491483895
AT1G52270	-2.35952186183832	0.0492639950199765	-7.43213932863426	3.17619149222728e-05	0.000671689721955615	2.8602266789539	0.00113975751135964	0.0412091000815381
AT1G52290	-2.21999897592069	2.55517777528746	-12.787103430712	3.02021192319829e-07	3.51006910267141e-05	7.44654526978134	0.000432087115245228	0.0370044186859767
AT1G52390	-4.310161328216	-2.98697042485692	-8.09908415074124	1.56703231713332e-05	0.000421555556745164	2.89763258976931	0.000784037322083542	0.0397964638909443
AT1G52400	-3.50073759195746	8.92051300727964	-23.8873403042195	1.01970117141922e-09	2.28359527710611e-06	12.9320337740692	8.56228769565703e-05	0.0344675491483895
AT1G52410	-2.08579326910329	6.43787056322927	-22.6459475693094	1.66889093212164e-09	2.53221700209919e-06	12.6044998263309	9.18221731982527e-06	0.0344675491483895
AT1G52830	-4.62068062517614	0.186516232256054	-8.84528527571979	7.48426676508635e-06	0.000257606404551839	4.12652164830169	0.00158234885557595	0.0438130407262818
AT1G52890	-3.18240947601884	2.50287040485336	-11.8061903704751	6.13341384353653e-07	5.25186753028875e-05	6.74396210199091	0.000528439349138932	0.0379367349731012
AT1G54020	-3.34120553418331	1.79431052598063	-12.6436370552995	3.33954444604988e-07	3.59720523298495e-05	7.21602788879651	0.00132671330959777	0.0418268861993205
AT1G57943	-3.55505416445972	-3.35981029107373	-6.79733573433851	6.50763198541291e-05	0.00103691661064024	1.79744117054909	0.000857453732731273	0.0397964638909443
AT1G58225	-3.93691166052534	-3.17022637044874	-7.40684712752927	3.26544349369011e-05	0.000683473315132706	2.33824144989397	0.000926695872517147	0.0402550610327203
AT1G60240	-2.73297043082891	-3.76530352561975	-5.28276252753223	0.000441093945595622	0.00380472245129974	0.239949078319906	0.00057807065574611	0.0379367349731012
AT1G60270	-2.97565089904489	2.25656936034518	-14.8401204643384	7.93981419672691e-08	1.6616824065702e-05	8.63056555648858	0.000183567353828407	0.0344675491483895
AT1G60590	-2.1707055438713	2.52731523324904	-12.1117019496874	4.8922160718529e-07	4.52873274223721e-05	6.97471653413563	0.0011264037522547	0.0412091000815381
AT1G61890	-2.02243324825101	6.00643209546703	-15.8585024328234	4.35488324933195e-08	1.2394144346065e-05	9.31884674504008	0.000719466855172879	0.0386702489419289
AT1G62560	-2.89853746056572	2.61068819264037	-9.81729109932399	3.07187210787411e-06	0.000151778672162033	5.14850448824688	0.00133350660800158	0.0419160831540045
AT1G63710	-3.4592698842049	-0.618354503948422	-7.64056999477077	2.53432287672616e-05	0.00057347982568309	2.99059225389478	0.0020193328980298	0.0466712490619673
AT1G64110	2.17060611901372	4.63282747915384	17.6745281091452	1.62374117986675e-08	6.93966028775954e-06	10.3509967623352	0.000311749385648596	0.0356980941817823
AT1G65890	-4.64424300354831	-1.74553531328279	-9.85468725792107	2.97282486795779e-06	0.000149562844544028	4.38330026300529	0.0016813623713352	0.0446283304559165
AT1G66060	-4.82878023043703	-2.70866185847231	-9.7866472138843	3.15573722799374e-06	0.000153714568138563	4.04790429700769	0.000257437647428027	0.0344675491483895
AT1G66940	-2.59475877516878	4.31698342354503	-14.0435386812853	1.30514913180294e-07	2.12968605728756e-05	8.2487201038859	0.00111769251174798	0.0412091000815381
AT1G68050	-3.06788638374641	3.41996453445923	-21.0214959638047	3.31292954959325e-09	2.89158653585683e-06	11.7234254251971	3.61972283395851e-05	0.0344675491483895
AT1G69540	-2.37020195599047	-1.06327101118704	-6.15705818626419	0.000140865670489405	0.00172488841803524	1.42844251506736	0.00202727027210825	0.0466712490619673
AT1G70700	-2.59539041076588	7.24974087846437	-14.3955018134345	1.0445586785331e-07	1.85848913787705e-05	8.44142716634386	0.00117561734378135	0.0412091000815381
AT1G70820	-2.44341095237205	5.69622325928656	-13.9619416048174	1.37531603180748e-07	2.1563978822979e-05	8.13102395398414	0.00195900510907521	0.0465140836740814
AT1G72450	-2.51250327733899	6.62172292044894	-13.9905617896971	1.35024249990305e-07	2.12968605728756e-05	8.15610161711522	0.00160641767784453	0.0440295502386421
AT1G72520	-4.84947881587688	2.26716729525982	-11.1848151270251	9.87533353378511e-07	7.15031723024492e-05	6.21029809415514	0.000464472872057975	0.0375178889853551
AT1G72910	-3.91201763971542	0.687512821018282	-12.6650340856837	3.28964443125964e-07	3.59686634870181e-05	6.84025401840146	0.000539275597010835	0.0379367349731012
AT1G72920	-2.38871989264292	1.2617749872761	-10.1814319404904	2.24234785628737e-06	0.000122379865935164	5.43474494794545	0.00030480118742271	0.0356980941817823
AT1G73480	-2.34832027254281	6.0386950980175	-25.5776690103908	5.4185189821866e-10	2.07195681296141e-06	13.6825416305919	6.28697629689867e-06	0.0333184595830442
AT1G73540	-2.7937215131869	4.05839413658495	-16.7771409703161	2.61084261871543e-08	9.07725929935868e-06	9.87795998929827	0.000664754767400799	0.0379367349731012
AT1G73600	-2.169781861014	4.56753043813718	-13.1130839808154	2.41255549452564e-07	3.09461959525912e-05	7.58420540325693	0.00160768671066114	0.0440295502386421
AT1G74930	-6.07734134077545	1.04438531686961	-15.7794344545675	4.55680832788212e-08	1.27101375865495e-05	8.11008347857959	0.000800886571433734	0.0397964638909443
AT1G74950	-2.35685628328632	5.52958991009851	-24.3089645346762	8.67466785051879e-10	2.28359527710611e-06	13.2314244518206	2.52212117495265e-05	0.0344675491483895
AT1G75960	-3.21929606320911	1.8784458267683	-12.3942243338812	3.98696211844279e-07	4.07901630171803e-05	7.08025234969996	0.000317932210593952	0.0360396430480942
AT1G76610	-2.12262112599753	-0.238338125067619	-6.33039250575879	0.000113710705694801	0.00150881636429687	1.65785965187493	0.00155620502177944	0.0435901909800335
AT1G76650	-3.67986490118643	1.41265726263983	-14.5662761132732	9.39252293679323e-08	1.79032381785983e-05	8.12965316469847	0.000312550300029191	0.0356980941817823
AT1G77210	2.00035180301973	6.57124424342064	13.6105084095888	1.72887738955435e-07	2.46578020713165e-05	7.8960646577113	0.00151798167931405	0.0432976087604561
AT1G77760	-2.39693868993345	6.17370513989911	-24.4667447095302	8.17106961732828e-10	2.28359527710611e-06	13.291756626053	3.51691463111869e-05	0.0344675491483895
AT1G78370	-3.15312783090453	6.12521230372767	-19.1543057787658	7.78292991133398e-09	4.62211413648846e-06	11.0823148392776	0.00062757848187589	0.0379367349731012
AT1G78760	-2.08501239972468	-4.09186319487019	-3.85189479312162	0.00360757315178128	0.016685891669733	-1.55158122345741	0.00223243763350256	0.0470605667562059
AT2G04080	-2.54086322084154	2.20963373480809	-11.7694046296761	6.30488911809101e-07	5.28721762587105e-05	6.71346846502331	0.00207474806104058	0.0467488725522561
AT2G05510	2.5804550977476	7.27596423136378	18.0388228984724	1.34771691341895e-08	6.26522855645184e-06	10.5351086912968	0.000386226161665171	0.0370044186859767
AT2G06050	-2.27178754538025	5.84223453175456	-21.5224240975321	2.667377448301e-09	2.65806614540639e-06	12.1458640679945	0.000124890595998517	0.0344675491483895
AT2G06925	-2.3940343638764	3.7881284824918	-12.926333442692	2.74218386673405e-07	3.31791726487301e-05	7.51553434916795	0.0019895954115321	0.0466712490619673
AT2G08820	-4.00679186899318	-2.06420074004318	-8.19054815959333	1.42731848925334e-05	0.000397280308069696	3.17432067679561	0.0026916691059844	0.0486865645782605
AT2G13570	-4.41293694057192	-2.90445219476233	-7.49837596199031	2.95481425805515e-05	0.000638635140374759	2.45346133777508	0.00167767238773031	0.0446123900607623
AT2G14210	2.80938239766736	-0.234953499675759	7.44600117277607	3.128406805416e-05	0.000664763947909852	2.84544549552805	0.00179438180901936	0.0451115077565418
AT2G14440	-2.56061551461084	-3.84620799681479	-4.84333229334786	0.000815216133385951	0.00581028538183969	-0.274728128976326	0.00117709425759882	0.0412091000815381
AT2G14560	-7.94242294372829	-0.626645396391888	-9.81579916097784	3.07589806592996e-06	0.000151778672162033	4.41149928002992	0.001195857052398	0.0412091000815381
AT2G14610	-6.9654632430971	-1.6184936390783	-7.21859012597499	4.02240566137343e-05	0.000778566144741221	2.37475650298086	0.00114595524896188	0.0412091000815381
AT2G15042	-2.0835303567869	2.40647661011855	-10.0872404453302	2.4303096590795e-06	0.000130097667366239	5.3821198298904	0.00257963246299564	0.0481753000043669
AT2G16586	2.19056933188579	-0.264146701026632	6.61465145837387	8.06976721129324e-05	0.00118795939758249	1.97718975925306	0.000624049401861448	0.0379367349731012
AT2G17040	-2.86060930356482	0.221941314002102	-8.84484938034987	7.48738784570344e-06	0.000257606404551839	4.17973676912602	0.00174485733036045	0.0449472026212343
AT2G17860	2.06106706406129	-3.84620799681479	3.8747698715849	0.0034805486784859	0.0162917468437589	-1.51792206155857	0.00219943837170877	0.0470605667562059
AT2G18050	2.38472708926638	8.14830904766013	17.0328594102452	2.2749041186246e-08	8.42095240965991e-06	10.0153058780397	0.000642140011690273	0.0379367349731012
AT2G21910	-3.51136090243829	-3.37395844067148	-7.04270420473629	4.90500656221004e-05	0.000875827923756346	2.00859263523827	0.000260471378141558	0.0344675491483895
AT2G22500	-2.51902632682293	2.62510558018788	-14.256798573472	1.13969639469493e-07	1.94836613333073e-05	8.3797329088446	0.000435974336727707	0.0370044186859767
AT2G22880	-2.27355110157978	0.800654980997173	-8.67350369364636	8.83221529630048e-06	0.000285758291723285	4.10993292258663	0.000808545908405067	0.0397964638909443
AT2G23000	-2.31301034722587	3.04035323360065	-14.9161411130196	7.5818265888493e-08	1.60722592761063e-05	8.80905107217205	0.000171056271744296	0.0344675491483895
AT2G23010	-3.26220072645193	0.918097662382259	-10.2966195227997	2.03387078865766e-06	0.000115157068713356	5.43347315012077	0.000563700827833191	0.0379367349731012
AT2G24210	-4.92498943592103	-2.66138423537132	-8.76866188013535	8.0554465760983e-06	0.000267820857432186	3.43855032471224	0.000937844088590989	0.0402827935021262
AT2G25510	-5.05035640577346	4.33553617882254	-22.2659172413076	1.95074487266208e-09	2.53221700209919e-06	12.1666959163109	0.000254087526910585	0.0344675491483895
AT2G26440	-3.06317499949615	1.53452340697295	-9.71202321149881	3.37066791731469e-06	0.000159778101025053	5.05707188455367	0.0020241735077231	0.0466712490619673
AT2G26695	-2.03435622709015	2.87358372677737	-11.6778440923087	6.75504621204912e-07	5.49521380253717e-05	6.64618601908067	0.00122772633724377	0.0413595138709562
AT2G26940	-2.56061551461084	-3.84620799681479	-4.84333229334786	0.000815216133385951	0.00581028538183969	-0.274728128976326	0.00117709425759882	0.0412091000815381
AT2G27402	-4.2117078923866	1.79311371015759	-10.1802684084203	2.24456996167597e-06	0.000122379865935164	5.42625700665965	0.00123737040451966	0.0413630560178038
AT2G27420	-4.3145339742486	-1.39007512632188	-10.6094037277612	1.56766745836352e-06	9.50573279444316e-05	4.97206705444883	0.000190478842927	0.0344675491483895
AT2G28056	-2.08501239972468	-4.09186319487019	-3.85189479312162	0.00360757315178128	0.016685891669733	-1.55158122345741	0.00223243763350256	0.0470605667562059
AT2G28270	-5.41483937393182	-2.4248888583487	-11.7691452322305	6.30611686248025e-07	5.28721762587105e-05	5.10585546487793	8.43820776466053e-05	0.0344675491483895
AT2G28780	-2.1078312749239	3.47209747619199	-10.772909773898	1.3717756169479e-06	8.69088518572165e-05	5.87421797726066	0.00147403910381483	0.0428615923095361
AT2G28900	-2.15174137233516	6.47361246837129	-13.4163167202752	1.96642704975884e-07	2.67212225459024e-05	7.7540093949229	0.00184620738056918	0.0457203767946935
AT2G29090	-2.29812804985863	0.671033161393977	-7.80179275801395	2.13495457004501e-05	0.000513824034487309	3.26738086672397	0.0016101077130819	0.0440295502386421
AT2G29220	-4.9900423369136	-2.61377754088761	-7.95704000281356	1.8145578720917e-05	0.000461884289094004	2.8704653557248	0.00152532717442266	0.0433670809740899
AT2G29300	-2.03285644286942	4.23713281644626	-13.0767453460146	2.47311039912476e-07	3.15014107568784e-05	7.57851017054742	0.00200834505164726	0.0466712490619673
AT2G30890	-2.20716118899	0.383828737612962	-7.60670349223573	2.62818421289327e-05	0.000585152127044822	3.05852004535826	0.000388602530048576	0.0370044186859767
AT2G32130	-2.73297043082891	-3.76530352561975	-5.28276252753223	0.000441093945595622	0.00380472245129974	0.239949078319906	0.00057807065574611	0.0379367349731012
AT2G32290	-2.50442687181244	0.773797220614555	-8.43121252226618	1.12064656096542e-05	0.00033551446935785	3.8808318150382	0.00240132104800272	0.0476957031875388
AT2G33050	-2.29675549153125	2.65574931120198	-13.992461222357	1.34859636272697e-07	2.12968605728756e-05	8.22936196508232	0.000101947496699673	0.0344675491483895
AT2G33380	-3.78808521845495	4.54260294472134	-21.9636801156524	2.21259795230322e-09	2.54910524087525e-06	12.2320550420287	0.000215005938194901	0.0344675491483895
AT2G34010	-3.39459810396735	0.249484869841102	-10.9214884396123	1.21691532504938e-06	8.07282087038592e-05	5.71520546012204	8.97479137234036e-05	0.0344675491483895
AT2G34210	-3.64963884237562	-3.3115591882079	-6.97498481927882	5.29933000563118e-05	0.000915395348691101	1.95902692795484	0.000859754663471879	0.0397964638909443
AT2G34600	-4.27488027834177	2.34635536002897	-18.9874384112134	8.43255372883743e-09	4.65512101472363e-06	10.3404615381393	0.000162091887647708	0.0344675491483895
AT2G34790	2.22163562356693	2.58810133363161	10.8427761883007	1.29641325472793e-06	8.44038290510579e-05	6.01138507853544	0.00214192793106882	0.0468903662279902
AT2G34810	-3.22185859283284	3.78325949518639	-23.2629417775479	1.30228370927725e-09	2.30052758189523e-06	12.6151449270787	2.83204118207703e-05	0.0344675491483895
AT2G36690	-3.57753580685213	-0.413335906557848	-9.98687041567507	2.6498356092481e-06	0.000137407718148446	4.92056269623468	0.000205433048292347	0.0344675491483895
AT2G36870	-2.08630819850425	2.97560502349526	-13.8503738007097	1.47807375058429e-07	2.25091943925187e-05	8.15796493645552	0.000150718606893196	0.0344675491483895
AT2G37870	2.3431627584381	3.92624508981374	13.0563431646294	2.50784112642325e-07	3.16441781752206e-05	7.60973305175848	0.00106074640751852	0.0407555695209585
AT2G38240	-4.5964813139047	0.024718049586696	-10.9176364490104	1.22067855563974e-06	8.07282087038592e-05	5.58916069879685	0.000641593239202543	0.0379367349731012
AT2G39030	-6.64502559290377	-1.26482117419278	-14.5319930793142	9.59415737550367e-08	1.79032381785983e-05	6.4436475393254	0.000392845560303279	0.0370044186859767
AT2G39250	-2.66508100331051	1.85227053401929	-11.1246610567796	1.03539942481977e-06	7.31627038903312e-05	6.21248994205795	0.00226729631751299	0.0471503476693495
AT2G39330	-4.32837202710896	2.65401565871145	-15.022736633052	7.10947619107671e-08	1.55691652984422e-05	8.69440754948282	0.000152939712963374	0.0344675491483895
AT2G39920	-3.2812719565423	1.12000415746518	-8.88313884820683	7.21858775423473e-06	0.00025435922647834	4.30476682413998	0.00125641356028772	0.0414905540494314
AT2G40435	-2.91303060224668	1.33941801040702	-8.96533232647896	6.67657482803709e-06	0.000243685784839293	4.39849367017053	0.00181751022112042	0.0453383337510105
AT2G40475	-2.22738993835764	2.55828558244957	-12.866014491906	2.8590148113803e-07	3.36600644029739e-05	7.49963809822446	0.000434721342873257	0.0370044186859767
AT2G41090	-3.63101573957545	3.78186772710897	-21.3971780500202	2.81461916549854e-09	2.66363495169215e-06	11.8967757913979	0.000250787136256481	0.0344675491483895
AT2G41180	-2.77627408756612	1.21959754237445	-11.3329482272644	8.79710893420182e-07	6.71774618266512e-05	6.26803539066044	0.000141287966678894	0.0344675491483895
AT2G41240	2.0157708174806	1.9189705352137	9.56987745745783	3.82591021212678e-06	0.000173297382565702	4.95041650451556	0.000375915921740022	0.0370044186859767
AT2G42530	-5.42003366799095	3.33011504546124	-22.4639208395399	1.79784098769781e-09	2.53221700209919e-06	11.7231072312917	7.03561848804934e-05	0.0344675491483895
AT2G42540	-4.18849453533202	4.52619892843373	-19.4933720516211	6.62646703634663e-09	4.28263715924666e-06	11.186347180744	0.000616330471080673	0.0379367349731012
AT2G42800	-2.5802591847125	1.81445150555275	-10.6885608609961	1.46924220103831e-06	9.07505357648327e-05	5.87661264185536	0.0024247942867015	0.0477231880657405
AT2G43100	-2.56830460852954	4.31966971815691	-14.6225800013224	9.07143326202621e-08	1.79032381785983e-05	8.6195130788262	0.00147959687606081	0.0428615923095361
AT2G43530	-3.33717215393366	5.02828665528209	-19.2735681870167	7.35252660441976e-09	4.62211413648846e-06	11.1351079973366	0.00050788544939806	0.0379367349731012
AT2G43550	-3.89880113600234	4.20938761732525	-23.6451824715624	1.12033884075702e-09	2.28359527710611e-06	12.7693135707878	0.000104573500483873	0.0344675491483895
AT2G43590	-3.05034284348457	4.88389555168263	-15.0577813366414	6.96134769898744e-08	1.55691652984422e-05	8.87818204353811	0.00154416921884626	0.0435180976163861
AT2G44290	-2.35458006995557	2.87021038464208	-12.1105973856167	4.89617204903155e-07	4.52873274223721e-05	6.97210037039498	0.00240328724606487	0.0476957031875388
AT2G44460	3.39093926201603	2.27581911094259	11.1659762360198	1.00225698682283e-06	7.15843817704346e-05	6.24237469173671	0.00193406776877181	0.0463033875362168
AT2G46640	-2.93607571625514	1.73291653206389	-11.6349409051945	6.97804976140046e-07	5.60316250235119e-05	6.56008351000103	0.0022168774586997	0.0470605667562059
AT2G46650	-2.30263413743703	3.86464672766996	-18.6160668075265	1.01042227349862e-08	5.3548338806333e-06	10.8037011873546	4.65469247985517e-05	0.0344675491483895
AT2G46770	-4.26717517515672	-2.99542930826769	-7.85478262907872	2.01913571840548e-05	0.000494844621430679	2.71528042966671	0.00104864410973216	0.0407555695209585
AT2G46870	-2.00503272312572	2.83399900904349	-10.7231962490397	1.42832876224292e-06	8.94748357964846e-05	5.88939866190881	0.00216538237377639	0.0469471522551512
AT2G47880	-5.53083200177934	1.43431862393931	-14.7489260701412	8.39405574343242e-08	1.72117025938049e-05	7.92769343498406	0.00209681967962871	0.0468478312569997
AT3G01550	-3.04025399002738	2.43971592338127	-15.5696539989247	5.14441558527996e-08	1.32286213910518e-05	9.05332476051292	7.04832998372762e-05	0.0344675491483895
AT3G02020	-2.4425846731402	5.16181187179341	-14.9902806902986	7.24976709232268e-08	1.57462564272431e-05	8.81060637256218	0.00131328862547964	0.0416813077511639
AT3G03190	-2.85611009912147	2.25210122459259	-12.1013372395014	4.92947591653749e-07	4.52873274223721e-05	6.94502516557715	0.000379963154340413	0.0370044186859767
AT3G03480	-4.61300581952256	-0.455559828680695	-12.1367743372608	4.80335920055112e-07	4.51345432965261e-05	6.11915596668386	0.000615929781695002	0.0379367349731012
AT3G03850	-2.10663467898935	0.281349034621299	-7.15253293817593	4.331751261026e-05	0.000814344367115304	2.5830303098405	0.000437428309367771	0.0370044186859767
AT3G05600	-2.15559234166379	2.40422051181989	-12.7937563151503	3.00624236505637e-07	3.50922511846977e-05	7.44433862426957	8.64571443308648e-05	0.0344675491483895
AT3G05660	-6.46399423649974	-1.36957454591658	-12.3441296466637	4.13300349669802e-07	4.18001246776733e-05	5.63240055358377	0.000557119532253569	0.0379367349731012
AT3G05950	3.03116302471478	-1.54791775083219	6.91327883742596	5.68881918541768e-05	0.000955880347337969	2.17245343252622	0.0028339226742542	0.0495900113821711
AT3G06655	-3.02055502209203	-3.62397070786059	-5.81443499742566	0.000217609176755067	0.00233733602174939	0.825019891371171	0.000796478140182355	0.0397964638909443
AT3G08665	2.2367291897467	-3.76530352561975	4.35382673947925	0.00166980005701601	0.00957251556473124	-0.880252038433333	0.000488799538527651	0.0378719595669757
AT3G09870	-5.20377484317238	-2.53633730315175	-10.9274444773695	1.21112160750805e-06	8.07282087038592e-05	4.691995239277	0.000138945423559855	0.0344675491483895
AT3G10430	-3.1190226161892	-3.57571960499476	-5.75112932848977	0.00023622369396805	0.00246241362815318	0.763706523913337	0.00187475059793973	0.0460039591387805
AT3G15356	-3.49005081620401	3.78321988711294	-20.161043768063	4.86462450300304e-09	3.68293771658784e-06	11.4194462990807	0.0001181963101482	0.0344675491483895
AT3G15500	-2.17281680472003	3.51915369572165	-12.686476851136	3.24046008188168e-07	3.59686634870181e-05	7.35626693422436	0.00250702192536911	0.0481753000043669
AT3G15540	-2.69354639221344	3.66878994680105	-14.645961128626	8.9416676478461e-08	1.79032381785983e-05	8.65688567840774	0.00043535940344297	0.0370044186859767
AT3G16070	-2.06131276683822	-0.130988266379424	-6.35962326492425	0.000109719095234665	0.0014735613712763	1.69345974325986	0.00252340178982902	0.0481753000043669
AT3G16530	-3.48659160687085	3.3085740451301	-16.786592886103	2.59749347630346e-08	9.07725929935868e-06	9.80691991646664	0.000755167599127748	0.0396099070782131
AT3G16580	-2.56061551461084	-3.84620799681479	-4.84333229334786	0.000815216133385951	0.00581028538183969	-0.274728128976326	0.00117709425759882	0.0412091000815381
AT3G19030	-2.02012565716026	5.22447330822837	-17.779743701371	1.53810111988714e-08	6.90789889402872e-06	10.3929838212372	0.00027402583474978	0.0344675491483895
AT3G19710	-2.70570268406152	6.09095541524495	-18.0565956671341	1.33564397064422e-08	6.26522855645184e-06	10.53655525269	0.000678617721233676	0.0379367349731012
AT3G20395	-3.99602208525265	1.12607822287602	-9.6590196644562	3.53307176568943e-06	0.000164533103070718	4.93718103468061	0.0026394270458634	0.0484881756401476
AT3G20600	-2.11340144198603	1.00338345280507	-8.0745863035136	1.60694509585685e-05	0.000428378582998137	3.54871117822783	0.00138514116652644	0.0422364449144046
AT3G21320	-5.86576290625282	0.165421714349696	-15.2899649269252	6.06182805635978e-08	1.43416356997698e-05	7.56744563758875	0.000526500901565807	0.0379367349731012
AT3G21330	-3.72952883091302	1.32998626908209	-12.3224267111164	4.19809402983551e-07	4.18302596625464e-05	6.86484366471742	0.00144181596826076	0.0427498475219547
AT3G21720	3.58303784853154	2.76647044923094	16.4811291486881	3.06976269349575e-08	9.8003098617169e-06	9.4834674977494	0.000338926202935408	0.0370044186859767
AT3G21890	-3.315536736196	-1.61931148302653	-6.56441881980256	8.56767793371561e-05	0.00122938677254693	1.814752588957	0.00255729679247763	0.0481753000043669
AT3G22120	-2.49215249191181	7.38964009092991	-20.6871165829063	3.83931105719555e-09	3.08285043616872e-06	11.7787040403176	0.000182494703838465	0.0344675491483895
AT3G22142	-2.52392320070023	3.53656800330021	-15.0326756258296	7.06711561743154e-08	1.55691652984422e-05	8.89041667038161	0.00033109861886782	0.0369665689050434
AT3G22231	-6.63119343181453	-0.719346197286864	-6.10494010529811	0.000150348883995979	0.00180268992222871	1.33911701664976	0.00242819759311619	0.0477231880657405
AT3G22235	-5.06342252803015	0.709483807040828	-11.1354269658951	1.02664861369367e-06	7.28659092749234e-05	5.85735273210427	0.00253469991658051	0.0481753000043669
AT3G22275	-5.79473695504757	-0.920233396318948	-11.8605432128675	5.88936748126395e-07	5.11660523011581e-05	5.67903111825058	0.00256794444827313	0.0481753000043669
AT3G22740	-3.43139278517626	2.93227221198318	-12.7154515032148	3.17528105258094e-07	3.58036584388467e-05	7.39591748032837	0.000428341368749141	0.0370044186859767
AT3G22820	-2.1247650345424	0.24788950132313	-6.64162459220869	7.81545531624106e-05	0.00116383264131064	2.01994832770658	0.00174632964370591	0.0449472026212343
AT3G23550	-3.032016604516	2.29469198780739	-16.4028807982251	3.20547768482673e-08	9.87659856889983e-06	9.43136580168986	1.94584784791729e-05	0.0344675491483895
AT3G24520	-2.00486821689707	3.61026312234265	-16.4078042631048	3.19674594285212e-08	9.87659856889983e-06	9.67602701110543	5.93953076823972e-05	0.0344675491483895
AT3G25717	-2.01270916632024	4.97954447960115	-14.5896259611194	9.25786747740816e-08	1.79032381785983e-05	8.55435176510136	0.00106149476705442	0.0407555695209585
AT3G25760	-6.03543458511436	4.01439417750452	-19.6343885571096	6.20252428028185e-09	4.25387288987108e-06	10.938868242762	0.00147975802782652	0.0428615923095361
AT3G25770	-6.52467199957879	4.58840265299129	-31.7007011292598	7.39685752301794e-11	6.3147527717673e-07	14.3250504927166	0.00016423314905345	0.0344675491483895
AT3G27150	2.11917832745715	1.83766685781295	10.4836477598201	1.73926620448086e-06	0.00010310307804549	5.71574694443686	0.000399955269417829	0.0370044186859767
AT3G27809	-4.46644959494398	-2.88588741467969	-8.67512956474521	8.81827436335536e-06	0.000285656031882873	3.31929948512804	0.000477855590484744	0.0375530243843355
AT3G28007	-2.75133101844781	1.79076024554051	-12.013386403752	5.25851829996905e-07	4.72339721737559e-05	6.83543603970998	0.000677218347867825	0.0379367349731012
AT3G28070	-2.45867630744789	2.40045133914643	-11.8064393221214	6.13227098778699e-07	5.25186753028875e-05	6.74946973613189	0.000543797105987842	0.0379367349731012
AT3G28220	-3.52380059926622	6.37609198718171	-22.6549655834852	1.66277361582447e-09	2.53221700209919e-06	12.5927185092139	0.000375705863816744	0.0370044186859767
AT3G44260	-3.88873931350569	3.35083121923234	-20.8919594164767	3.50674597030665e-09	2.90380483503705e-06	11.5476726030114	0.000270326181983194	0.0344675491483895
AT3G45140	-4.82624908214258	7.82095137418869	-20.2668626029478	4.63624988980383e-09	3.61327498764771e-06	11.5677773715202	0.000356987650469431	0.0370044186859767
AT3G45170	-2.32620290443479	-3.96903559584249	-4.28661738056187	0.00184749630849681	0.0102652457921049	-0.972914778105161	0.0025699779207744	0.0481753000043669
AT3G45860	-3.43387125835089	1.4939936432646	-12.775762359624	3.04419069371561e-07	3.52175584517602e-05	7.21948151427663	0.00159788978712427	0.0440295502386421
AT3G46190	-2.95869757592812	-2.08029942277918	-6.18438588232197	0.000136153988729266	0.00169063186192507	1.36729536012606	0.00242385638011444	0.0477231880657405
AT3G46880	-2.67503289276002	-0.808719473060886	-7.17214864987308	4.23726881949906e-05	0.000805445833422425	2.526151320236	0.00255622901098107	0.0481753000043669
AT3G49110	-3.00601390119445	3.36469696111219	-15.6866984984742	4.80690362132199e-08	1.32286213910518e-05	9.25346369385024	0.000930067321132988	0.0402827935021262
AT3G49620	-4.01272966188825	2.10908377166264	-10.708355014157	1.44570480300024e-06	8.99948415283912e-05	5.87664913074605	0.00154956969671671	0.0435222338252714
AT3G49970	-3.11944813799112	-1.99708507930677	-6.9111157657216	5.70302614428369e-05	0.000956521780904187	2.10684349217545	0.00114185392397692	0.0412091000815381
AT3G50280	-2.19443471986918	1.66741316684411	-8.38538182975262	1.1729813965934e-05	0.000345351789410354	3.84568383194099	0.00216501950293635	0.0469471522551512
AT3G50800	-3.0633735380865	0.921954450522464	-10.6201850898138	1.55384536902657e-06	9.48704944434704e-05	5.68392889092557	0.000285707630719667	0.0344675491483895
AT3G51400	-2.21988291235985	1.36626747173882	-8.25941736112184	1.331112278531e-05	0.00037603212320378	3.73038681105626	0.00227206896440291	0.0471503476693495
AT3G51450	-3.38621888769973	3.36692348902587	-22.1975729312257	2.00681398762484e-09	2.53221700209919e-06	12.0965322225853	9.40551388453059e-05	0.0344675491483895
AT3G51660	-2.44073294254041	2.67974298595445	-14.181224407267	1.19552456626827e-07	2.03070576647286e-05	8.34240626249796	0.000144743389660418	0.0344675491483895
AT3G54830	-2.93576258991825	2.50101429017798	-13.3423103883102	2.06623913804932e-07	2.75682306914052e-05	7.79152303638	0.000529046003493239	0.0379367349731012
AT3G55120	-2.33743480541515	2.35137430573904	-11.2761368203778	9.19451286067323e-07	6.92148300517384e-05	6.35256994309301	0.00234271355230797	0.0476052761461399
AT3G55240	-3.85434015066647	2.08547921489364	-13.1936490620787	2.28404188806754e-07	2.98140600738984e-05	7.57789895190365	0.00108390028751915	0.0410654818836892
AT3G55970	-3.05049034188941	2.12725067692447	-11.0568263222292	1.09245951450901e-06	7.55822251056391e-05	6.17034525437292	0.000990093507295065	0.040551338458344
AT3G56400	-2.19745783496626	3.25423186645705	-12.8881130974765	2.81558790325523e-07	3.34562548253171e-05	7.5137680859675	0.000987511206351321	0.040551338458344
AT3G57460	-5.85934529641421	-1.10930695872228	-7.20573119115036	4.08068383407021e-05	0.000787343376719965	2.45043683117102	0.00254526599836113	0.0481753000043669
AT3G57960	-2.08501239972468	-4.09186319487019	-3.85189479312162	0.00360757315178128	0.016685891669733	-1.55158122345741	0.00223243763350256	0.0470605667562059
AT3G58990	-2.62663852633876	3.92965073171897	-14.5506568149385	9.48380200750675e-08	1.79032381785983e-05	8.59178432243664	0.000590500490941004	0.0379367349731012
AT3G60966	-3.9166684733085	-3.18014320574018	-6.94546034726718	5.48194006996578e-05	0.000934751917464306	1.94974729576713	0.00190479915869979	0.0461813231787855
AT4G01080	-3.55306530388016	1.36398848717113	-10.7891210526523	1.35386964888821e-06	8.65293611681771e-05	5.86249603443444	0.000576518295008821	0.0379367349731012
AT4G01380	-2.2344211093227	0.343142963422635	-7.23359815085461	3.95553212192389e-05	0.000773825020259581	2.67013988451529	0.0010848304520561	0.0410654818836892
AT4G02780	-2.61065721555188	-1.57799845619168	-6.19385371696753	0.000134561675225105	0.00167653270612914	1.4306068349322	0.00196897492323167	0.0466671713021402
AT4G04330	-2.98809853687026	4.39001179087083	-13.6075552911909	1.73224384207123e-07	2.46578020713165e-05	7.96442462795177	0.0014480583526888	0.0427498475219547
AT4G04835	-2.68436322166931	-2.20871911509206	-5.95068645229176	0.00018270693229535	0.00206722613588229	1.10496892826027	0.00120871950237023	0.0413595138709562
AT4G04840	-3.12047570439891	4.76513694556901	-17.7213161090716	1.5850250511291e-08	6.93966028775954e-06	10.375339077779	0.00105693326997613	0.0407555695209585
AT4G11280	-2.56490759605723	3.81205357845672	-18.3359080880549	1.16077777606697e-08	5.91505567504282e-06	10.6596442461389	0.000339379188099009	0.0370044186859767
AT4G11460	-5.25660472257029	-2.52780851526834	-8.4062114136635	1.1488715123188e-05	0.000340523460105408	3.21898483518453	0.00133819657565004	0.0419695773107669
AT4G12030	-2.92298738747394	3.77828191608854	-16.4568481931497	3.11118506303154e-08	9.81430735716782e-06	9.69709919294604	0.00068766805514775	0.0382008975373272
AT4G12830	-2.02769223158385	2.7437457006151	-11.3559347471733	8.64171482816708e-07	6.61815489932865e-05	6.40417282586834	0.00164385983934912	0.0444561208658347
AT4G13410	-6.81300682583576	-1.7451019062182	-9.38062920702322	4.53992708312062e-06	0.000193436334026389	4.00664143955512	0.000543644472416727	0.0379367349731012
AT4G13575	-2.67639756716451	3.8880254878158	-13.6556763753399	1.67827564584693e-07	2.44345868481604e-05	8.01668187029577	0.000889559565347309	0.0398736389197143
AT4G13770	-2.49569344267531	5.82125517176219	-13.1100859705048	2.41748907924612e-07	3.09461959525912e-05	7.53906030108015	0.0024380980570653	0.0477492404405885
AT4G14400	-5.95987620893065	1.59458842480321	-8.71969132238056	8.44540713980456e-06	0.000278341291530524	4.11382748877232	0.000864690759597497	0.0397964638909443
AT4G14450	-2.44039754062799	-2.33006245524944	-5.47484263881235	0.000340170451980733	0.00314948869202846	0.561113274933093	0.0008643969071358	0.0397964638909443
AT4G14630	-3.22826468369033	2.81223758408756	-9.98267181894913	2.65948127952029e-06	0.000137638544813923	5.28946250908528	0.00122839223399662	0.0413595138709562
AT4G14819	-4.20240546945617	-1.96473723728739	-8.87244991601408	7.29254672626145e-06	0.000255268035868528	3.69426559034516	0.00213497605908275	0.0468903662279902
AT4G15440	-3.30748167342397	2.59069411092041	-13.6153781433474	1.72334179466842e-07	2.46578020713165e-05	7.9549951026217	0.000267672417585407	0.0344675491483895
AT4G16515	-2.66371830788788	3.00679474185294	-10.2582249690909	2.10089516428375e-06	0.00011767067945962	5.49881712370515	0.00143387990623722	0.0427498475219547
AT4G16680	2.12711646642279	4.94669729551727	14.6039936515374	9.1760693539622e-08	1.79032381785983e-05	8.58014767638393	0.000763936471998461	0.0396433749728381
AT4G16740	-6.60671574556601	-1.83111029995545	-14.9611621327911	7.37823305310916e-08	1.57668080194586e-05	6.38979507383167	4.33132547299486e-05	0.0344675491483895
AT4G16880	-3.17641136668951	1.86832586647551	-15.2375374865017	6.25313075667435e-08	1.45346893675752e-05	8.70598601920634	1.59065351024168e-05	0.0344675491483895
AT4G17470	-3.61850277077685	3.16187360926284	-17.2045769936851	2.07619583552338e-08	7.97319380430414e-06	9.97781833614484	0.000425708614953724	0.0370044186859767
AT4G17680	-2.72594500953641	0.737519210031871	-8.99705682428676	6.47943462516008e-06	0.000239405872959796	4.38190164331627	0.00114889053417766	0.0412091000815381
AT4G18253	-4.36080719518941	-2.95526129168373	-8.8684785069578	7.32023689256913e-06	0.000255562104320549	3.42811575389281	0.00023327797766326	0.0344675491483895
AT4G18440	-4.41376836031318	5.72663493371522	-29.0563917126834	1.66146169330939e-10	8.80508238986242e-07	14.6250626280522	0.000154028761832015	0.0344675491483895
AT4G19430	-4.3078896052212	-0.3312842341499	-12.8600567044435	2.87084857539139e-07	3.36600644029739e-05	6.55351193018169	5.17419833134802e-05	0.0344675491483895
AT4G21940	-2.17865193767014	1.27146275085016	-8.88118514919974	7.23204421322976e-06	0.000254494963561968	4.32547026795396	0.00218457738207656	0.0470605667562059
AT4G23170	-3.10963215988473	0.561989775714964	-9.85402438024033	2.97454974242217e-06	0.000149562844544028	5.03816121965099	0.000784107260955347	0.0397964638909443
AT4G23200	-6.02027559983431	-2.12795587458159	-12.9117585696166	2.76992405252689e-07	3.33538777442172e-05	5.64846927906038	8.99832263274725e-05	0.0344675491483895
AT4G23220	-2.77626831578299	0.0981246744692559	-8.5586802488396	9.88055174905781e-06	0.000310738463455523	3.91943095004221	0.00055820997463174	0.0379367349731012
AT4G23600	-3.90762825650405	4.79696391520217	-21.6857601305181	2.48798907806729e-09	2.63900534502954e-06	12.1442476094077	0.000469046093523051	0.0375178889853551
AT4G24120	-2.06550842296671	2.47222021455631	-12.3726760859169	4.0490738125335e-07	4.1242561608366e-05	7.15932184428628	0.000259708284838567	0.0344675491483895
AT4G24350	-2.45719778468836	4.21575048674623	-19.9378802657332	5.38809837102562e-09	3.85875217933613e-06	11.4259313570642	0.000141110958843615	0.0344675491483895
AT4G24570	-3.01329455071684	2.74303783703761	-15.2726140440279	6.12441562370391e-08	1.43614836457439e-05	8.95593851389689	0.000268669684108769	0.0344675491483895
AT4G25470	-4.33355531144263	-0.119173144525913	-11.0876306638938	1.06613056142821e-06	7.39537372165567e-05	5.67436328555577	0.00215133354359809	0.0468903662279902
AT4G25990	-2.10672743894435	1.70025451684945	-9.47508956289908	4.16679761522939e-06	0.000181897534115895	4.86713198139204	0.000595749254901357	0.0379367349731012
AT4G27520	-2.56766591309383	5.59755788419048	-16.5360348178186	2.97832121881166e-08	9.62433605561847e-06	9.7199396738305	0.00104108086301435	0.0407555695209585
AT4G27560	-2.0596103267304	2.92474457804683	-13.9985812153161	1.34330751530855e-07	2.12968605728756e-05	8.25077064707143	0.000105243092269891	0.0344675491483895
AT4G27654	-4.9471386610294	-0.853303046141752	-9.75510389970553	3.24469581125022e-06	0.000156115139159706	4.57860991793069	0.0012670733912441	0.041529330508834
AT4G27657	-5.20761520582458	0.4451062991661	-9.90969376090233	2.83344580051371e-06	0.000144385859273101	4.96139937856064	0.00228164144755683	0.0471503476693495
AT4G29780	-2.03659271635732	3.10747726409709	-14.257026959016	1.13953209855399e-07	1.94836613333073e-05	8.41623500263567	0.000181536243801572	0.0344675491483895
AT4G30650	-3.45832686859874	4.55978966172899	-14.0260772462428	1.31982606347764e-07	2.12968605728756e-05	8.24821561906008	0.00143411023850959	0.0427498475219547
AT4G31354	2.16527450054138	-0.447408456253454	6.5381339751795	8.84143818855115e-05	0.00125619533040337	1.88551473794261	0.000364925155416973	0.0370044186859767
AT4G32280	-4.76250132531456	3.57761678199425	-19.1895054431457	7.65307341165808e-09	4.62211413648846e-06	10.8239977148661	0.000116362192733588	0.0344675491483895
AT4G32340	-2.37340262172963	5.02175425757866	-14.6803181537619	8.75468310272051e-08	1.77085185386174e-05	8.61871422537656	0.00165910420931104	0.0444960477839257
AT4G33720	-3.9166684733085	-3.18014320574018	-6.94546034726718	5.48194006996578e-05	0.000934751917464306	1.94974729576713	0.00190479915869979	0.0461813231787855
AT4G33810	2.56068405572738	-2.02985505732473	5.63675434574589	0.000274365427903685	0.00271498611772939	0.76659279414971	0.00172784933328152	0.0449472026212343
AT4G33980	-2.79952154200891	3.56998375024067	-21.4867568295799	2.70842274609301e-09	2.65806614540639e-06	11.9633297148322	2.52446767399217e-05	0.0344675491483895
AT4G34410	-5.92092288152434	-0.188662452505649	-14.3521805618497	1.0732980375275e-07	1.88346035751018e-05	7.04996556375437	0.00110520300243522	0.0411894080991961
AT4G34950	-2.79829281617436	3.31817594952138	-18.6313927729565	1.00284106924097e-08	5.3548338806333e-06	10.730775843237	0.000263297678666508	0.0344675491483895
AT4G35180	-3.1085841241233	-1.72444740682132	-6.51379425303523	9.10342872498323e-05	0.00128583504453414	1.75192318346858	0.00202712254634418	0.0466712490619673
AT4G35190	-2.15520572486394	1.32162973003048	-8.49953087027037	1.04731486258939e-05	0.000321621409893351	3.96596514795808	0.00215122521749622	0.0468903662279902
AT4G36925	-2.08501239972468	-4.09186319487019	-3.85189479312162	0.00360757315178128	0.016685891669733	-1.55158122345741	0.00223243763350256	0.0470605667562059
AT4G37770	-4.62604356648629	1.50981936748755	-14.4505911716447	1.00923062041033e-07	1.8526740690158e-05	7.96681528771173	0.000330752881776863	0.0369665689050434
AT5G01015	-2.20709846730496	2.07388100597976	-10.2994690583634	2.02899085576714e-06	0.000115126765944577	5.57328872261612	0.00145016090175853	0.0427498475219547
AT5G01790	-2.90850002046607	1.10200933902488	-9.40901070963858	4.42410432452058e-06	0.000189692421344897	4.77013416419351	0.00177820230145631	0.0449606913969364
AT5G01900	-2.32620290443479	-3.96903559584249	-4.28661738056187	0.00184749630849681	0.0102652457921049	-0.972914778105161	0.0025699779207744	0.0481753000043669
AT5G02540	-4.51346185113069	3.51386781866502	-17.525228149797	1.75443401042943e-08	7.15215267820907e-06	10.1125386903405	0.000140937412988817	0.0344675491483895
AT5G02940	-2.86055926570893	6.80195709272264	-24.4422666431399	8.24703486499573e-10	2.28359527710611e-06	13.2661155618428	9.79434774837085e-05	0.0344675491483895
AT5G03204	-5.16561744674708	-2.54504229628051	-9.52435222632254	3.98565396217778e-06	0.000178039017077423	3.94310098405676	0.000583765624385668	0.0379367349731012
AT5G03270	-2.88031801493277	-1.85378135564815	-7.0056432569277	5.11669078493718e-05	0.000896812553144355	2.22152555892188	0.000125942118501587	0.0344675491483895
AT5G03390	-2.20299734401168	1.32401217174145	-8.33439705811398	1.23436397310711e-05	0.000359430511641671	3.80522893066531	0.00255533198741409	0.0481753000043669
AT5G03395	-4.15444023252706	-3.05993316211924	-7.9778391855135	1.77578359314541e-05	0.000456588659238482	2.79566969766287	0.000634305851622941	0.0379367349731012
AT5G03860	2.47921745610483	3.14987762774178	13.0359725221491	2.54305484939761e-07	3.16522129246036e-05	7.62204193235111	0.00181880325976769	0.0453383337510105
AT5G04190	-2.1253953927306	3.60367722564059	-12.9055692418368	2.78179748715827e-07	3.33538777442172e-05	7.50547004904419	0.00205286312960373	0.0467339663919543
AT5G05465	-2.08501239972468	-4.09186319487019	-3.85189479312162	0.00360757315178128	0.016685891669733	-1.55158122345741	0.00223243763350256	0.0470605667562059
AT5G05600	-2.32677441322599	5.63040886881866	-13.5877590349265	1.75499823802797e-07	2.47361400591836e-05	7.87465655545993	0.00204666684539778	0.0467339663919543
AT5G06500	-2.08501239972468	-4.09186319487019	-3.85189479312162	0.00360757315178128	0.016685891669733	-1.55158122345741	0.00223243763350256	0.0470605667562059
AT5G06870	-2.15605142683061	6.05765989624199	-12.5394779215994	3.59465967281303e-07	3.8253530927791e-05	7.11301618802494	0.0023944936211322	0.0476957031875388
AT5G07000	-2.83252296819012	2.75840679252348	-16.6109767759048	2.85832514446989e-08	9.46748745977038e-06	9.66840549404646	0.000318260867735454	0.0360396430480942
AT5G07570	-3.64362014864704	-3.3115591882079	-6.7706866224425	6.71342819177991e-05	0.00105967208188926	1.7797128011254	0.00130364256096582	0.0416813077511639
AT5G08640	-3.4576095421097	1.73982975271213	-12.1882725180119	4.6263671469586e-07	4.42561287581621e-05	6.90423300814711	0.00101831026673604	0.0407555695209585
AT5G09470	-2.08501239972468	-4.09186319487019	-3.85189479312162	0.00360757315178128	0.016685891669733	-1.55158122345741	0.00223243763350256	0.0470605667562059
AT5G09990	-2.03835701004977	0.312942929300067	-6.83282381772273	6.24416006617065e-05	0.00100756793077097	2.23538586095801	0.000728734439744416	0.0388366555376184
AT5G12050	-2.51939824375772	4.49710266946431	-18.2440137040474	1.21534922932073e-08	5.94481342428979e-06	10.6390178078486	0.000310270395935675	0.0356980941817823
AT5G13220	-4.17565880548628	2.653292709719	-18.4328210664473	1.1061401775077e-08	5.74715733796057e-06	10.2842750850744	6.29499859290394e-05	0.0344675491483895
AT5G13320	-3.51966937654216	1.27135018773479	-11.8816674340485	5.7974187914584e-07	5.07431448785985e-05	6.58994815696657	0.000386278006570873	0.0370044186859767
AT5G13930	-2.50562001358785	4.59707938187255	-14.8350934216483	7.96413561908126e-08	1.6616824065702e-05	8.73850208404513	0.00142580498798406	0.0427498475219547
AT5G14200	-2.31434702762396	5.98894242783512	-17.6864148005277	1.61380723210674e-08	6.93966028775954e-06	10.3412519338644	0.000573432731844736	0.0379367349731012
AT5G14700	-2.74688444435919	1.69806404254643	-11.6443574512145	6.92841919570663e-07	5.58022042090682e-05	6.56891099135707	0.000721329492729517	0.0386918803610258
AT5G15970	-4.07409640862012	5.97106480270222	-20.9738109728269	3.38286597522688e-09	2.89158653585683e-06	11.8963485766114	0.000561781840421993	0.0379367349731012
AT5G16920	-4.23589593938354	-0.775931926786246	-10.3253108715357	1.98531824230589e-06	0.000113621949858794	5.01212069399823	0.000520141462797774	0.0379367349731012
AT5G18050	-2.29542303173344	2.28828035201499	-8.68879366737412	8.70205985331796e-06	0.000283276636355306	4.10282460972512	0.00220906785423036	0.0470605667562059
AT5G20790	-4.27123919287905	-1.93490576664675	-8.71251132085176	8.50430019013487e-06	0.000279098542541747	3.58809444097015	0.00234870686672961	0.0476052761461399
AT5G21960	-5.96283826719135	-2.14534997900133	-12.1196772382961	4.86375688533036e-07	4.52873274223721e-05	5.33704277808552	0.000158683553348693	0.0344675491483895
AT5G22390	-2.39489619262681	3.02999793195897	-9.73643392089118	3.29864291128552e-06	0.000157775162208021	5.02425014675532	0.00279390354200637	0.0492592093178533
AT5G22560	-2.08501239972468	-4.09186319487019	-3.85189479312162	0.00360757315178128	0.016685891669733	-1.55158122345741	0.00223243763350256	0.0470605667562059
AT5G22580	-2.88238319890062	4.03208214237376	-11.5832112863677	7.2577651522001e-07	5.77526309318313e-05	6.50964566690338	0.00249148748380534	0.048154219800054
AT5G23240	-3.89118165483909	3.45938556554688	-19.5979877465444	6.30901293716813e-09	4.25387288987108e-06	11.0726127300926	0.000163349871567409	0.0344675491483895
AT5G24155	-2.26784960089902	0.938725052001253	-8.17244725806744	1.45384866568171e-05	0.000402130291683025	3.64376847788727	0.0027129868710043	0.0487262402371901
AT5G24470	-2.05538044065079	5.21999857001338	-19.0906734538052	8.02389804054906e-09	4.62211413648846e-06	11.0505215902394	0.00019688204521584	0.0344675491483895
AT5G24660	2.1155135150094	2.91517759933859	12.0793633950005	5.00950635932254e-07	4.54595546264824e-05	6.9504853335547	0.000828047839227963	0.0397964638909443
AT5G24780	-2.03041061260374	7.0381041037818	-14.5778719496924	9.32538335851885e-08	1.79032381785983e-05	8.54694687351467	0.00102446473111395	0.0407555695209585
AT5G26690	-3.34063496761368	-1.60812615759275	-7.05212972347884	4.85270418011986e-05	0.000868830779492	2.29964483975751	0.00153209846734392	0.0434198344253254
AT5G28237	-5.99941311611998	-0.804616644366242	-9.91258410948433	2.82632303514994e-06	0.000144300400357232	4.60903164620136	0.00278899590034998	0.0492592093178533
AT5G33370	-2.34527931223928	3.45904432433024	-12.2358567269418	4.46919058338743e-07	4.33722705113861e-05	7.03699849333443	0.00110012171371121	0.0411812395367165
AT5G35525	-2.16562744935645	-0.598394323948482	-6.28081848309325	0.000120845164140562	0.00155369003367133	1.5910453296543	0.00130979251955243	0.0416813077511639
AT5G36220	-2.33357692932258	2.71605163471308	-15.6163156587965	5.00682509449431e-08	1.32286213910518e-05	9.17203128965669	5.95477641507358e-06	0.0333184595830442
AT5G36910	-2.18582620237409	3.59800321403139	-11.0189277424442	1.12583732285533e-06	7.6662797544422e-05	6.0690152338078	0.00170937179324682	0.0447521046683501
AT5G37300	-2.83371423437115	1.34004489604849	-8.4821739694014	1.06543428123116e-05	0.000325627192434409	3.94859774648135	0.00258593511133931	0.0481753000043669
AT5G38120	-5.82408663721269	-2.21235620202839	-12.408229743653	3.94715496848292e-07	4.07901630171803e-05	5.43301549472157	9.98213825971206e-05	0.0344675491483895
AT5G38130	-4.15444023252706	-3.05993316211924	-7.9778391855135	1.77578359314541e-05	0.000456588659238482	2.79566969766287	0.000634305851622941	0.0379367349731012
AT5G38780	-2.39923084594644	-0.34954220540271	-7.04109217997565	4.91401303614223e-05	0.000876255164412495	2.43215646228503	0.00119593169155041	0.0412091000815381
AT5G38865	-2.02896742011366	2.31752026590633	-11.2780224868546	9.18101000260154e-07	6.92148300517384e-05	6.35414126035657	0.000209902457493083	0.0344675491483895
AT5G39520	-3.86343035952985	1.74314752668557	-16.8286583066837	2.53899009888268e-08	9.07725929935868e-06	9.27427474343593	0.000107553048483533	0.0344675491483895
AT5G40210	-2.13977939276315	0.535101183461718	-7.74521446321271	2.26668046651329e-05	0.000535118770960107	3.20630526699746	0.000698992614988292	0.0383476321158587
AT5G40420	-2.56061551461084	-3.84620799681479	-4.84333229334786	0.000815216133385951	0.00581028538183969	-0.274728128976326	0.00117709425759882	0.0412091000815381
AT5G41050	-2.07246382630562	2.77968650639372	-10.174824053136	2.25499972907002e-06	0.000122444636928069	5.43016719355126	0.00134383355632028	0.0420412061102419
AT5G42530	-4.43920509684752	5.14346970736912	-31.6441055912815	7.52077814546782e-11	6.3147527717673e-07	15.1797050712081	8.02341671337636e-05	0.0344675491483895
AT5G42650	-3.56982436787641	6.29845586211011	-30.847416393863	9.53242172506197e-11	6.3147527717673e-07	15.2074035092255	4.87180574235691e-05	0.0344675491483895
AT5G42900	-3.85904188039361	3.01606019172223	-21.9893758481068	2.18888851030727e-09	2.54910524087525e-06	11.8038273697898	5.24997177162589e-05	0.0344675491483895
AT5G43440	-2.26123350813529	4.70131792267795	-14.013018562045	1.33092121460924e-07	2.12968605728756e-05	8.19764933252006	0.00102956647074581	0.0407555695209585
AT5G44050	-2.09924185824395	2.4887284267676	-11.1989620868201	9.76633068955581e-07	7.15031723024492e-05	6.29151568804488	0.00121679555007526	0.0413595138709562
AT5G44420	-5.43526091859395	-2.43256668731808	-9.04757591974732	6.17853895700883e-06	0.000233889612951752	3.67479861463844	0.000863292638700663	0.0397964638909443
AT5G44568	-4.73062320535526	-0.636320883501393	-11.9242050594395	5.61701774418247e-07	4.97791759817215e-05	5.92986061895167	0.00103129201195262	0.0407555695209585
AT5G45090	-2.2600573943422	-1.1116606028746	-5.93841815716602	0.000185586686233601	0.00208818514302249	1.17498872458407	0.00188508944592103	0.0461228994810853
AT5G45650	-2.25363316813575	1.92249401597074	-9.04380079993134	6.20048621684263e-06	0.000234335646831999	4.47001089340277	0.00218840498127237	0.0470605667562059
AT5G45670	-2.11131678558089	4.3023503994665	-17.5402813746624	1.74074438577801e-08	7.15215267820907e-06	10.281978765024	0.000258560875392222	0.0344675491483895
AT5G46240	-3.12787360441106	3.43956763818526	-15.1394959106085	6.62899762178915e-08	1.51380109810314e-05	8.94513864046347	0.00187205604260665	0.0460039591387805
AT5G46330	-2.55676392682552	4.30964932227538	-14.3081430682047	1.1034085404485e-07	1.9168160301178e-05	8.41936277836941	0.00211215048903135	0.0468903662279902
AT5G47220	-4.39150021610687	3.31199592168155	-22.3906271168502	1.85284012223683e-09	2.53221700209919e-06	11.9549555344395	0.000133283644004223	0.0344675491483895
AT5G47240	-5.41424388078724	4.02921624617585	-32.1013432263543	6.58154087671743e-11	6.3147527717673e-07	14.4299558461608	2.89908006938511e-05	0.0344675491483895
AT5G47330	-4.98602068979279	-0.181021642324091	-8.74482710873025	8.24272592427837e-06	0.000272338842321108	3.97174020948776	0.00250976216009402	0.0481753000043669
AT5G48880	-2.03803183630793	3.97696032457988	-17.0220234665543	2.28812957013931e-08	8.42095240965991e-06	10.0103554842479	0.000182771598545628	0.0344675491483895
AT5G49770	-4.42537094519954	-0.916660376840269	-10.7302463375727	1.42015506276991e-06	8.91736228750641e-05	5.20050898391263	0.00060152368955313	0.0379367349731012
AT5G50335	-3.99610660138091	1.78919900499147	-11.17703996387	9.93581053542017e-07	7.15512981224942e-05	6.18886273874095	0.0023258925869869	0.0475918932586709
AT5G50760	-2.28092889748616	1.60091769647475	-9.52997386783556	3.96553790648235e-06	0.000177516643675174	4.91415067417927	0.00279133206881199	0.0492592093178533
AT5G50950	-3.13466196228941	5.92014240246495	-23.4387720700828	1.21482443274745e-09	2.29931555849585e-06	12.8997989332859	0.000243774581407674	0.0344675491483895
AT5G51190	-2.8355040571094	2.470761397274	-12.097126508408	4.94470208631761e-07	4.52873274223721e-05	6.95700710648007	0.00149189142287498	0.0429697162210231
AT5G51465	-3.51306361870695	-1.53288478267026	-7.70229312373155	2.37252930606017e-05	0.000551951550061302	2.90344073206946	0.00100912770930539	0.0407555695209585
AT5G51870	-2.32620290443479	-3.96903559584249	-4.28661738056187	0.00184749630849681	0.0102652457921049	-0.972914778105161	0.0025699779207744	0.0481753000043669
AT5G52310	-4.16243003793114	4.69334696472104	-18.2137729187401	1.23392232748109e-08	5.94481342428979e-06	10.6069346266913	0.000801677855025051	0.0397964638909443
AT5G52320	-3.6213502975165	1.24076060634558	-12.0801824310101	5.00649784225987e-07	4.54595546264824e-05	6.69666099066955	0.00137856778766565	0.0421599569183344
AT5G52860	-2.94956631615827	0.460778147490445	-10.0750781817475	2.4558153914092e-06	0.000130409210904932	5.19333180153005	0.000135034133820211	0.0344675491483895
AT5G54610	-6.70560483125077	-1.76585798916744	-12.5102433519219	3.67006609406554e-07	3.86946741707573e-05	5.58628659412071	0.000145547356390274	0.0344675491483895
AT5G55450	-3.16347381913801	0.542134673727837	-10.1637397333251	2.27639883785311e-06	0.000123201388987792	5.26478366859385	0.000901483859130803	0.0398736389197143
AT5G55930	-2.50606844581309	3.37263805714436	-13.4552720322037	1.91603122241028e-07	2.61706161502204e-05	7.89916776425663	0.00199654713257624	0.0466712490619673
AT5G56080	2.71490088675314	1.7241926829767	11.5247693300034	7.58870361420814e-07	5.96692784478598e-05	6.46508976427605	0.00106869912444596	0.0407679727881887
AT5G57760	-4.5311981448425	1.70413587180637	-11.1852696596992	9.87181061719634e-07	7.15031723024492e-05	6.14151373026346	0.000642620873126942	0.0379367349731012
AT5G59130	-2.03649787841659	2.85364780155701	-10.9992482125655	1.14361031157045e-06	7.75022660767103e-05	6.1153125293089	0.00110092333173384	0.0411812395367165
AT5G59680	-3.81881707280397	0.871677558576338	-10.7962689149149	1.34605629232201e-06	8.65293611681771e-05	5.74566882615886	0.000601873342276571	0.0379367349731012
AT5G60100	-2.14799155122443	3.13501484150442	-12.869144088423	2.85282012049229e-07	3.36600644029739e-05	7.50383170860711	0.000417996388247355	0.0370044186859767
AT5G60310	2.29066873222188	0.681660579915835	8.31749839115067	1.25547749771462e-05	0.000363363516412546	3.76234007194265	0.000311548682010443	0.0356980941817823
AT5G60470	-3.56968009784133	-3.3459676677858	-6.72517349029268	7.08145696973445e-05	0.00108968900571442	1.73474545492149	0.00112614813119949	0.0412091000815381
AT5G62210	-3.99227375094134	1.45330567744262	-14.5367252124395	9.56604377409443e-08	1.79032381785983e-05	8.08234303889098	0.000149540115381264	0.0344675491483895
AT5G62280	-2.57324944520355	4.99357534857936	-16.6245730594292	2.83713192419941e-08	9.46748745977038e-06	9.78132845491835	0.000804457974598716	0.0397964638909443
AT5G62360	-4.90577042057745	2.54890173860561	-10.360597287054	1.92734283095557e-06	0.000111997215646186	5.60728996986232	0.00154190831117207	0.0435180976163861
AT5G62730	-4.24102178112614	-3.00547564358838	-7.41544411785995	3.23480297078605e-05	0.000680824536297766	2.3692824648937	0.00168433025483061	0.0446283304559165
AT5G63180	-2.77673143750445	3.65279971926044	-17.3761812851192	1.89658209942608e-08	7.39053418685181e-06	10.1731523488361	0.000632480639499722	0.0379367349731012
AT5G64667	-2.27160505268727	-2.41848157469924	-4.97099994687612	0.000680035437018248	0.00512470779841964	-0.0504620174860726	0.00175195514524162	0.0449472026212343
AT5G65140	-2.46136613152447	1.21814321344545	-8.85976692720289	7.38138158045177e-06	0.00025700718196004	4.30189538353109	0.000814562083058412	0.0397964638909443
